"species","x","y","height","temp","rain","distance_water","distance_loess","frostdays","sunhours","corine","tpi","slope","aspect"
"background",1,1,6.8,7.90000009536743,994,3.25696313476563,28.233490234375,9.48198890686035,3.79089617729187,"312.173553466797",4.125,0.610207855701447,"3"
"background",2,2,4.65,8.10000038146973,724,8.714029296875,5.69216845703125,9,3,"242",-13.75,0.807620942592621,"4"
"background",3,3,3.47,8.69999980926514,656,2.5917392578125,4.12577001953125,8.04484462738037,3.95313692092896,"312",-1.5,0.646395027637482,"5"
"background",4,4,4.2,7.80000019073486,636,3.6772314453125,27.6844296875,9,3,"312",-6.25,0.254918694496155,"4"
"background",5,5,7.1,6.19999980926514,758,3.02668823242188,34.80010546875,11.5555067062378,2.24996066093445,"251.296249389648",-3.75,2.66535949707031,"1"
"background",6,6,4.59,8.10000038146973,856,1.85464196777344,1.54520373535156,9,4,"242",-0.375,0.172562569379807,"1"
"background",7,7,9.73,4.80000019073486,944,5.2127939453125,18.7036484375,12.8987007141113,2,"312",69.625,5.67973947525024,"3"
"background",8,8,5.8,7.19999980926514,1015,8.6989560546875,7.78199365234375,10.7912931442261,4,"312",-2.625,8.29526519775391,"6"
"background",9,9,4.49,8,976,4.1449130859375,3.34154565429687,9,4,"242.843460083008",-12.625,0.58303165435791,"5"
"background",10,10,2.66,8.69999980926514,618,0.926919555664062,0,7,2.18450403213501,"211",2.625,1.08601498603821,"6"
"background",11,11,5.06,7.69999980926514,717,5.69120556640625,11.72730859375,10.0450887680054,3,"211",-17.5,2.5075216293335,"2"
"background",12,12,6.05,8,953,3.09921215820312,6.7042353515625,9,4,"313",16.125,0.517435431480408,"4"
"background",13,13,2.13,9.30000019073486,595,0,1.103931640625,7,3,"224.361206054688",-19.125,1.26591336727142,"2"
"background",14,14,5.76,6.80000019073486,726,5.5608701171875,7.21009619140625,10.3622446060181,3,"242",29.25,2.5276939868927,"5"
"background",15,15,7.93,6.80000019073486,1021,5.7087001953125,8.4317060546875,11,4,"312",-8.75,1.36396837234497,"7"
"background",16,16,5.29,8,821,8.8503271484375,1.85327331542969,9,3,"312",6.25,1.3748654127121,"7"
"background",17,17,5.72,7.90000009536743,905,6.79000830078125,0.620725708007812,9,3.75828289985657,"242",-4,0.426239401102066,"8"
"background",18,18,4.57,8,1002,4.140353515625,0,9.42022705078125,4,"312",11.625,1.20298194885254,"8"
"background",19,19,4.29,8.19999980926514,708,1.95027038574219,5.1958232421875,9,4,"211",2.375,0.141891062259674,"1"
"background",20,20,6.21,7.80000019073486,1108,7.202466796875,40.98361328125,9.23915576934814,4,"231",-30.625,1.50477647781372,"5"
"background",21,21,5.03,7.40000009536743,668,0,32.82050390625,10.0285406112671,2.99851441383362,"233.842651367188",-24.25,2.58950042724609,"5"
"background",22,22,4.98,7.40000009536743,715,6.48837158203125,11.0629169921875,9.99777889251709,3,"243",15.5,0.748966097831726,"3"
"background",23,23,3.39,8.39999961853027,822,0.613672180175781,1.85338928222656,8.01233386993408,4,"242",-0.125,0.0660480856895447,"2"
"background",24,24,5.57,7.30000019073486,747,2.21449633789062,9.66696875,10,3,"253.273300170898",-8.625,0.733249127864838,"6"
"background",25,25,4.78,8.10000038146973,932,2.62675537109375,8.88281640625,9,3,"242",-13.625,0.713848829269409,"7"
"background",26,26,5.81,8,928,1.11521655273437,2.62675537109375,9,4,"242",-2.625,0.584649801254272,"2"
"background",27,27,4.83,7.80000019073486,986,5.2548232421875,0.620123657226562,9,3,"312",-1.125,0.325527131557465,"7"
"background",28,28,2.56,9.10000038146973,625,5.72324853515625,0.601739807128906,7,3,"211",-7.75,0.642678201198578,"7"
"background",29,29,4.65,7.80000019073486,798,0.613773376464844,0.613773376464844,9,4,"211",1.625,0.77755218744278,"1"
"background",30,30,5.5,7.90000009536743,1042,1.86698657226562,11.27441015625,9,4,"241.84033203125",-3.75,0.640774071216583,"6"
"background",31,31,3.69,8.30000019073486,650,4.5849501953125,5.59996728515625,8.69171524047852,3,"244.439651489258",-3.75,1.00025820732117,"4"
"background",32,32,3.96,8.5,746,5.84284765625,10.7534384765625,8.75996208190918,3,"312.154388427734",-0.5,3.96590256690979,"8"
"background",33,33,4.59,8.19999980926514,716,3.55956860351563,0.607677185058594,9,3.23135018348694,"112",-11.875,2.15519452095032,"6"
"background",34,34,5.32,7.40000009536743,762,3.70695629882812,0,9.87636280059814,4,"312",11.375,0.726299524307251,"4"
"background",35,35,4.08,8,678,0.599167236328125,21.633373046875,9,3,"218.116302490234",-0.25,2.44853830337524,"7"
"background",36,36,8.04,5.80000019073486,1035,3.77768994140625,25.537896484375,11.5991907119751,3,"312",-30.75,1.62536084651947,"5"
"background",37,37,5.7,8,920,0,0.620023254394531,9,4,"267.280364990234",0.25,1.07270836830139,"8"
"background",38,38,6.71,8.10000038146973,991,1.85307336425781,37.5341484375,9.15094566345215,4,"312",-9.5,1.59923160076141,"4"
"background",39,39,3.51,8.60000038146973,666,8.0867919921875,0.603074340820313,7.58646631240845,3,"211",-5,0.330699026584625,"8"
"background",40,40,4.86,7.59999990463257,693,3.63687475585937,13.6346962890625,9.9815149307251,3,"312",12,0.695632457733154,"6"
"background",41,41,4.3,7.80000019073486,710,1.51391223144531,12.490501953125,9,3,"311",4.125,2.24428820610046,"3"
"background",42,42,3.96,8.10000038146973,679,9.2688408203125,15.1450615234375,9,3,"311",-5.5,1.39854192733765,"2"
"background",43,43,5.26,8,926,0.9266103515625,6.233873046875,8.99918079376221,4,"121.175537109375",-1,0.233173206448555,"1"
"background",44,44,5.24,7.80000019073486,784,4.60670654296875,0,9,3,"312.142547607422",11.125,1.19911730289459,"3"
"background",45,45,5.26,8.10000038146973,1040,0.623029174804687,17.6160703125,9,3.92821192741394,"251.881561279297",0.125,0.612102031707764,"6"
"background",46,46,4.24,8.30000019073486,732,2.60874877929687,0,8.80921840667725,3,"211",-0.375,0.416839838027954,"1"
"background",47,47,3.67,8.19999980926514,645,0.926899475097656,1.94790710449219,9,3,"112",1.25,1.50895833969116,"8"
"background",48,48,4.58,8.10000038146973,720,4.94295654296875,3.03384619140625,9,4,"231",-19,0.94129091501236,"7"
"background",49,49,4.37,8.10000038146973,714,0,1.8536044921875,8.68053436279297,3,"240.286483764648",-6.625,0.231562897562981,"7"
"background",50,50,2.49,8.5,609,0,5.368349609375,8,3,"222.338775634766",-16.625,1.63655591011047,"3"
"background",51,51,7.28,7,1037,0.926518432617187,37.4860390625,10.1118192672729,4,"231",-14.625,2.67310237884521,"3"
"background",52,52,4.4,8.19999980926514,708,0.60686083984375,1.85356958007812,9,3,"112",0.375,1.60384047031403,"4"
"background",53,53,1.8,9.39999961853027,599,0,1.51861450195312,6.32358312606812,3,"242",-23.5,0.687116682529449,"8"
"background",54,54,3.05,8.10000038146973,609,0,0.926954345703125,8,3,"242",-34.375,2.02288317680359,"8"
"background",55,55,4.63,7.69999980926514,677,1.51602111816406,20.16110546875,9.00797367095947,3,"295.308074951172",0,1.04619216918945,"5"
"background",56,56,4.78,8.10000038146973,767,9.350462890625,2.22107177734375,9,3,"231",-14.625,0.635578751564026,"4"
"background",57,57,8.26,6.90000009536743,1017,4.471193359375,29.327349609375,10.9892244338989,2.06806683540344,"313",7.625,2.78855538368225,"1"
"background",58,58,4.29,8.30000019073486,724,0.610222961425781,0.610222961425781,8.86672401428223,3,"112",-6.75,1.95644438266754,"4"
"background",59,59,4.64,7.80000019073486,697,4.09070629882812,2.78031201171875,9,3,"211",-11.5,0.856549322605133,"4"
"background",60,60,13.62,3.5,1378,3.6357978515625,48.4507578125,13.0937795639038,2.3294939994812,"311",6.375,26.7817611694336,"3"
"background",61,61,5.74,8.10000038146973,927,0,1.95436633300781,9.00008487701416,4,"211",-12.875,0.869347870349884,"7"
"background",62,62,3.41,8.19999980926514,645,1.51098950195312,11.5636923828125,8.88335037231445,3,"312",-0.625,1.5462886095047,"2"
"background",63,63,4.9,7.69999980926514,698,6.6329580078125,30.0029609375,9.37400722503662,3,"313",28.125,1.70198154449463,"3"
"background",64,64,4.56,8,854,4.70634423828125,1.54456274414063,9,4,"223.889953613281",-3.875,0.348111420869827,"3"
"background",65,65,4.71,7.69999980926514,712,4.645263671875,9.667103515625,8.54530620574951,3.42864060401917,"232.847244262695",27.375,2.64257073402405,"6"
"background",66,66,4.41,8,943,0.926619750976562,2.22895581054687,9,4,"312",9.875,0.787838399410248,"4"
"background",67,67,5.25,7.19999980926514,680,1.51553466796875,33.94716796875,10.0031280517578,3,"242",-2.75,2.45303702354431,"2"
"background",68,68,6.3,6.90000009536743,991,0,23.53880859375,10.8585605621338,4,"231",-10.875,0.536420106887817,"5"
"background",69,69,6.57,8.30000019073486,966,1.55607299804688,30.576625,10.4348258972168,3,"312",-38,7.74970197677612,"8"
"background",70,70,14.35,3.40000009536743,1331,1.95641796875,65.59440625,13.4521903991699,2.83748483657837,"313.54248046875",48.75,22.7066612243652,"2"
"background",71,71,5.94,6.90000009536743,784,3.3261015625,8.18576513671875,10.1232166290283,3.12321639060974,"242.881149291992",14.5,2.10401511192322,"4"
"background",72,72,5.61,7.19999980926514,962,3.06025439453125,16.627728515625,10.5693702697754,3.53280973434448,"231",-6,4.47375011444092,"5"
"background",73,73,11.87,4.80000019073486,1090,1.55702941894531,50.03659375,13.6032114028931,3.10176110267639,"313",-13.125,16.4392318725586,"5"
"background",74,74,2.93,8.60000038146973,621,1.19565270996094,6.61684619140625,8.05684185028076,3,"211",-10.5,2.11244773864746,"8"
"background",75,75,4.12,8.30000019073486,699,9.74872265625,22.161728515625,9,3,"309.641235351562",10.875,0.595876753330231,"3"
"background",76,76,3.89,8.19999980926514,873,0.92668994140625,0.614076965332031,9,4,"211",1.5,1.59714305400848,"5"
"background",77,77,4.81,8.60000038146973,955,4.99622119140625,41.264359375,8.8012228012085,3,"312",4.375,0.192376062273979,"8"
"background",78,78,3.05,8.69999980926514,657,4.11679443359375,6.23734228515625,7.00963544845581,3,"321",21.125,1.32196319103241,"5"
"background",79,79,2.95,9,674,4.81309619140625,2.57905444335938,7.18235397338867,3,"156.662155151367",-12.375,0.811864912509918,"4"
"background",80,80,4.91,8.19999980926514,957,2.08333251953125,16.343462890625,9,3,"231",8.125,0.115352228283882,"7"
"background",81,81,5.35,7.09999990463257,688,3.154353515625,20.9685546875,10,3,"211",9.625,2.08587551116943,"6"
"background",82,82,5.02,7,710,0.594412902832031,28.591587890625,10,2,"211",-2.5,0.885825395584106,"3"
"background",83,83,5.23,7.40000009536743,831,0.926754516601562,16.958087890625,10.7316236495972,3.3346381187439,"312",20.75,3.13884019851685,"7"
"background",84,84,4.03,8.30000019073486,695,9.6432763671875,22.61728125,8.90134239196777,3,"211",2.625,0.957043886184692,"1"
"background",85,85,2.99,8.60000038146973,640,9.5448037109375,8.837373046875,8,3,"211",-13.75,0.707042872905731,"4"
"background",86,86,3.04,8.89999961853027,655,1.10404125976563,4.67306103515625,6.90666151046753,3,"211",40.125,2.74228096008301,"5"
"background",87,87,4.78,7.69999980926514,880,3.08415380859375,1.85332189941406,9,4,"211",0.125,0.763029992580414,"4"
"background",88,88,3.27,8.60000038146973,660,0.6027666015625,13.2069375,8,3,"211",-5.5,0.811151444911957,"1"
"background",89,89,3.65,8.80000019073486,720,3.13766674804687,0,7.26299142837524,2.99589991569519,"312.903015136719",27.125,1.10738754272461,"3"
"background",90,90,3.91,8.39999961853027,690,6.92694921875,17.36435546875,9,3,"211",-3.875,0.248516395688057,"7"
"background",91,91,5.01,8.19999980926514,845,0,2.62315991210937,9,3,"242",-3.375,0.290862739086151,"7"
"background",92,92,3.96,7.90000009536743,635,1.80891540527344,15.48535546875,9,3,"312",-1.375,0.491942137479782,"4"
"background",93,93,4.55,7.90000009536743,740,3.03665502929687,0,9,4,"312",-2.375,0.494925051927567,"7"
"background",94,94,5.08,7.90000009536743,905,6.1952109375,2.07688159179687,9,3,"211",-2.75,0.345827728509903,"8"
"background",95,95,1.33,10,643,4.87524951171875,0.926896789550781,5.60390377044678,3,"222.415649414062",-5.625,0.613089323043823,"2"
"background",96,96,2.24,9,639,0,1.10437023925781,6.07399559020996,3,"221",-2.25,2.92535614967346,"5"
"background",97,97,6.01,6.40000009536743,800,5.2285712890625,5.6913125,11.2957391738892,3.507479429245,"313",-23.25,8.51609516143799,"5"
"background",98,98,3.56,8.69999980926514,697,1.79131030273438,2.56177734375,8,3,"311.817779541016",-3.5,1.92133510112762,"5"
"background",99,99,2.41,8.89999961853027,612,1.19585913085937,0,7,3,"211",2.25,1.23407208919525,"3"
"background",100,100,2.72,8.89999961853027,631,0,11.8631201171875,7.97125291824341,3,"134.255706787109",-14.125,1.93047440052032,"8"
"background",101,101,3.52,8.80000019073486,688,5.489384765625,2.02802319335937,7.41601181030273,3,"281.422637939453",9.75,1.94375014305115,"4"
"background",102,102,5.9,7.69999980926514,955,12.98706640625,12.299080078125,9.01408290863037,4,"211",-0.625,0.678052544593811,"7"
"background",103,103,3.67,8.5,896,1.1119873046875,3.07341870117187,9,3,"211",-4.625,2.2940616607666,"1"
"background",104,104,3.76,8,653,4.11523486328125,5.00671142578125,8.06512260437012,2.19136214256287,"242",-13.875,5.10999441146851,"6"
"background",105,105,4.17,8,667,4.19489208984375,12.3589638671875,9.0450267791748,3,"211.720626831055",-2.625,0.49469918012619,"7"
"background",106,106,5.07,8.19999980926514,898,1.5468056640625,3.04313500976563,9,4,"211",1,0.210882380604744,"3"
"background",107,107,5.33,7.69999980926514,970,1.8615751953125,2.0795712890625,9,3,"239.245986938477",12,0.918465912342072,"2"
"background",108,108,4.26,8.10000038146973,946,1.85326525878906,1.54520373535156,9,4,"211",-11.5,0.998694658279419,"3"
"background",109,109,4.56,7.90000009536743,880,0.617609985351563,0.926642700195312,9,4,"211",-9.25,0.441573351621628,"3"
"background",110,110,5.54,7,688,4.037681640625,33.48816015625,10.3405742645264,2,"220.173950195312",-11.375,1.37969946861267,"1"
"background",111,111,12.06,4.90000009536743,1098,0,50.9748359375,13.6365919113159,4,"306.013641357422",-38.25,10.9915103912354,"6"
"background",112,112,4.41,8.10000038146973,981,2.84748657226563,4.1362431640625,9,3.00369262695312,"244.470932006836",-2.375,1.5646505355835,"3"
"background",113,113,3.72,8.19999980926514,685,5.525140625,6.68091650390625,8.51661109924316,3,"227.047149658203",3.5,1.72508931159973,"6"
"background",114,114,3.24,8.89999961853027,1030,10.488138671875,4.14426171875,8,3,"211",-2.5,0.311088800430298,"4"
"background",115,115,5.28,7.09999990463257,650,1.79811999511719,51.12334375,9.78126811981201,3,"312",1.875,0.747651219367981,"1"
"background",116,116,3.54,8,648,1.10179345703125,11.1323837890625,8.37426567077637,3,"211",11.25,3.81833720207214,"2"
"background",117,117,7.43,7.09999990463257,1039,0.926514404296875,41.07340234375,10.1398591995239,4,"112",-73,8.15614414215088,"2"
"background",118,118,3.32,8.5,851,5.8222783203125,0,9,3.12490153312683,"211",0.375,0.0937719270586967,"4"
"background",119,119,5.7,8,896,4.9561689453125,3.09473193359375,9,3.07828807830811,"231",-0.375,1.21357381343842,"4"
"background",120,120,4.19,9,1125,1.55925927734375,53.17987890625,7,4,"154.969161987305",-10.875,1.42202079296112,"5"
"background",121,121,3.85,8.5,755,2.78011010742188,0.92670068359375,9,3,"242",-1.5,0.287612110376358,"3"
"background",122,122,4.29,8.10000038146973,697,8.9333125,0,9,3,"121",-2.875,0.506856083869934,"8"
"background",123,123,3.77,8.19999980926514,683,3.03512255859375,7.73289404296875,8.23365020751953,3,"265.565612792969",-0.875,1.53983390331268,"8"
"background",124,124,2.09,9.5,670,2.39130541992188,1.94779064941406,6.14120483398438,3,"283.606262207031",7.625,2.83018112182617,"7"
"background",125,125,4.64,8.10000038146973,864,0,3.09056665039062,9,4,"277.922790527344",-3.125,0.354919403791428,"8"
"background",126,126,5.14,8.10000038146973,826,3.0899267578125,0,9,3,"229.481262207031",-1.125,0.492019683122635,"2"
"background",127,127,1.15,10,633,2.01623205566406,3.02214135742188,5,3,"211",-5,0.641283631324768,"6"
"background",128,128,4.08,7.90000009536743,665,6.61256982421875,9.9044267578125,8.73863983154297,3,"313",6.125,2.56592726707458,"2"
"background",129,129,4.64,8.19999980926514,762,0.61245654296875,0,8.62503337860107,3,"211",17.375,1.39105045795441,"5"
"background",130,130,3.17,8.39999961853027,740,0.611035888671875,2.60705053710937,8,3.00536036491394,"254.014556884766",0.625,0.0310899298638105,"1"
"background",131,131,8.2,5.5,966,3.90124194335937,17.61937890625,12.403299331665,3.79873585700989,"312",6,9.42515850067139,"6"
"background",132,132,4.73,7.80000019073486,810,7.847244140625,5.25664892578125,9,4,"222",6.125,0.622308254241943,"3"
"background",133,133,4.92,7.69999980926514,803,1.53894567871094,0.614279296875,9,4,"211",1,0.128727793693542,"3"
"background",134,134,4.67,8.19999980926514,819,2.61617211914063,3.75747412109375,9,3,"271.227264404297",5.875,1.03030359745026,"2"
"background",135,135,3.87,8.39999961853027,697,2.43111669921875,6.13483447265625,9,3,"284.054290771484",-1,0.390408724546432,"8"
"background",136,136,4.3,8.80000019073486,1123,3.62424609375,26.11181640625,8.35297679901123,3,"231",-7.375,0.640884697437286,"8"
"background",137,137,4.76,8.30000019073486,925,4.1681806640625,14.850474609375,9,3,"231",-13.625,0.913359582424164,"4"
"background",138,138,4.27,8.19999980926514,828,0.926650817871094,0,9,4,"211",0,0.163635462522507,"1"
"background",139,139,5.23,7.5,721,9.8754814453125,13.2633837890625,9.94826984405518,3,"314.439453125",10.25,2.22242331504822,"1"
"background",140,140,4.89,7.80000019073486,745,4.58156005859375,3.64238989257812,9,3.7129590511322,"312",14.375,1.41914665699005,"6"
"background",141,141,6.93,6.19999980926514,757,3.89587255859375,36.1891640625,10.8600120544434,2.27897524833679,"312.723022460938",14.875,3.2885320186615,"3"
"background",142,142,2.48,8.39999961853027,623,1.10305444335937,4.082369140625,8,3,"211",-2,1.00910234451294,"7"
"background",143,143,6.09,6.59999990463257,723,1.9475576171875,34.121828125,10.6206398010254,2,"312",21.125,1.12308037281036,"6"
"background",144,144,4.54,8.30000019073486,739,6.310533203125,0,9,3,"211",-24,1.245645403862,"3"
"background",145,145,3.27,8.39999961853027,783,5.23394189453125,0,9,4,"211",-2.375,0.273467272520065,"1"
"background",146,146,4.21,8.19999980926514,996,4.13084130859375,0,9.02733707427979,4,"313",4,1.07736623287201,"8"
"background",147,147,4.72,7.90000009536743,739,1.82517248535156,3.05937646484375,9,3,"265.986389160156",16.375,1.48319518566132,"7"
"background",148,148,4.66,8.30000019073486,1091,3.11064331054687,14.0546220703125,8.243088722229,3.17657542228699,"313",8.25,2.14279127120972,"2"
"background",149,149,4.91,7.69999980926514,835,6.60268408203125,0.615895935058594,9.26687812805176,4,"211",-3.375,0.770236968994141,"6"
"background",150,150,3.28,8.69999980926514,745,4.03163989257813,2.57702661132813,6.81754112243652,3,"287.573760986328",-27.5,2.7621738910675,"3"
"background",151,151,5.18,7.69999980926514,852,8.14890869140625,1.23239733886719,9,4,"260.368804931641",4,0.48624050617218,"8"
"background",152,152,5.78,6.5,732,2.5714736328125,37.57528515625,10.7663068771362,2,"312",3.875,0.75271338224411,"6"
"background",153,153,4.43,7.69999980926514,663,0.604918640136719,15.5657607421875,9.56837368011475,3,"192.127548217773",31.5,3.56514668464661,"7"
"background",154,154,3.79,8.5,743,1.53637329101562,2.05825048828125,9,3,"311",-1.375,0.320599675178528,"5"
"background",155,155,1.4,9.89999961853027,649,3.707611328125,2.78069458007813,5,3,"312",0.75,0.661934971809387,"4"
"background",156,156,4.79,7.69999980926514,786,5.2434404296875,0,9,4,"297.132171630859",11.5,0.238148137927055,"7"
"background",157,157,5.41,8.19999980926514,893,2.64547314453125,2.07634326171875,9,4,"242",-0.5,0.23432132601738,"1"
"background",158,158,4.35,8.5,1046,3.34679809570313,7.26079833984375,8.19290161132812,3,"231",-3.875,0.667398869991302,"5"
"background",159,159,5.35,7.59999990463257,771,6.61767626953125,1.95105932617187,10,3,"211",0.625,0.535189509391785,"5"
"background",160,160,4.61,7.80000019073486,668,2.58833081054687,20.984380859375,9.25872993469238,3,"312",4.875,2.19686794281006,"2"
"background",161,161,5.85,7.90000009536743,926,6.7019873046875,1.11527124023437,9.04404354095459,4,"211",0.125,0.318540841341019,"1"
"background",162,162,4.4,8.10000038146973,721,0,1.53025280761719,9,3,"211",-4,0.470830529928207,"4"
"background",163,163,7.87,7.09999990463257,1157,1.95553845214844,33.7267890625,10.8162174224854,1,"231",-51.25,6.74360132217407,"4"
"background",164,164,4.87,8,892,1.11439587402344,1.5466455078125,9,4,"182.492385864258",0.25,0.246563911437988,"2"
"background",165,165,2.58,9.10000038146973,635,0.926899475097656,2.99119580078125,7.70730924606323,3,"230.669342041016",0.125,3.39165425300598,"8"
"background",166,166,4.76,7.90000009536743,729,1.10722082519531,12.667046875,9,3,"211",12.25,1.08761203289032,"5"
"background",167,167,5.05,8,913,1.85323010253906,7.0643583984375,8.78066349029541,4,"118.253715515137",0.5,0.258832216262817,"1"
"background",168,168,3.75,8.10000038146973,642,3.04968872070312,16.955587890625,9.02278327941895,3,"512",-5.375,0.113375395536423,"8"
"background",169,169,4.71,7.69999980926514,898,4.14961474609375,2.61807885742187,9,4,"211",-12.25,0.425051957368851,"5"
"background",170,170,4.61,8.10000038146973,775,2.2219482421875,0.926710144042969,9,3,"312",18.125,1.20592200756073,"4"
"background",171,171,3.72,8.80000019073486,725,4.29783203125,0,7.79920053482056,3,"312.792236328125",17,0.678275585174561,"3"
"background",172,172,4.29,8.19999980926514,711,2.84595043945313,7.16720556640625,9,3,"211",-5.5,0.496641993522644,"4"
"background",173,173,3.24,8.5,812,2.60981005859375,0,9,4,"211",0.375,0.104703091084957,"2"
"background",174,174,4.73,7.69999980926514,703,10.3848369140625,15.84453515625,9.58447551727295,3,"243.29524230957",-3.75,0.469997525215149,"3"
"background",175,175,4.83,8.30000019073486,830,1.95360473632813,0,8.98961353302002,3,"242",-3.875,0.352615296840668,"6"
"background",176,176,4.98,7.69999980926514,709,0.6027666015625,19.974099609375,9.92947673797607,3,"312",17.125,0.505999863147736,"7"
"background",177,177,5.42,8.19999980926514,866,1.11412219238281,1.11406750488281,9,4,"313",7.875,2.15104746818542,"3"
"background",178,178,7.26,7.40000009536743,1006,5.27124951171875,23.09563671875,10.3663940429688,4,"231",-21.375,1.97429466247559,"7"
"background",179,179,2.07,9.19999980926514,594,0,3.5937666015625,7.00465679168701,3,"235.626617431641",-4.5,0.679660022258759,"7"
"background",180,180,3.91,8.19999980926514,771,8.45508984375,5.22852880859375,9,4,"242",-9.25,0.29460933804512,"2"
"background",181,181,4.21,8.39999961853027,1014,3.90761962890625,13.9039453125,8.91240406036377,4,"240.251312255859",-14.75,0.538305521011353,"3"
"background",182,182,3.23,8.39999961853027,612,0.926936950683594,18.545375,8.13258934020996,3,"312",0.75,3.8048734664917,"8"
"background",183,183,2.25,9,601,0,0.596896789550781,7,2.00219655036926,"211",-3.875,0.309348732233047,"6"
"background",184,184,6.23,6.5,687,0.92687939453125,47.4567890625,10.7453880310059,3,"211",-1.5,1.45442593097687,"7"
"background",185,185,7.07,6.19999980926514,769,5.8643896484375,33.53950390625,11.9327192306519,2.96961641311646,"313",0.375,7.18003797531128,"4"
"background",186,186,12.72,4.09999990463257,1293,6.539220703125,57.58471484375,13.6265640258789,2.26861953735352,"332.591430664062",-89,29.0268745422363,"3"
"background",187,187,5.8,7.5,785,9.1380830078125,2.84625390625,10,3,"220.398193359375",6.875,1.72190284729004,"3"
"background",188,188,2.12,9,595,4.03493603515625,4.7605732421875,7,3,"211",-1.75,0.0155449658632278,"5"
"background",189,189,3.51,8.10000038146973,643,1.10201281738281,9.581228515625,8.89552688598633,3,"312",-0.125,2.20476245880127,"3"
"background",190,190,4.62,7.80000019073486,882,0.926649475097656,0,9,4,"211",-2,0.952166080474854,"5"
"background",191,191,17.28,2.59999990463257,1122,2.51998559570313,67.4584609375,14,4,"321",54.125,23.2855911254883,"2"
"background",192,192,5.01,7.19999980926514,647,1.10223205566406,43.54170703125,10.0851345062256,2,"231",-0.5,1.34690153598785,"3"
"background",193,193,5.09,7.30000019073486,759,0.609002014160156,5.69248974609375,9.98748874664307,3.27330732345581,"304.832275390625",-19,2.95009398460388,"5"
"background",194,194,5.81,7.90000009536743,951,2.080646484375,3.34597778320312,9,4,"320.444580078125",-0.375,0.477618038654327,"1"
"background",195,195,4.21,8.30000019073486,728,3.66621533203125,1.11001550292969,8.19267177581787,3,"211",-1.625,0.0664677321910858,"5"
"background",196,196,2.38,9,608,3.5125048828125,0.926916870117187,7,2,"211",-8.25,0.463137239217758,"4"
"background",197,197,4.63,7.80000019073486,879,1.23219555664063,0.616097778320313,9,4,"257.870880126953",1.875,0.949170589447021,"4"
"background",198,198,11.79,5.19999980926514,1064,0.92651708984375,41.86278125,12.1297407150269,4,"312",82.375,5.33245944976807,"1"
"background",199,199,2.89,9.19999980926514,663,1.19338012695313,12.5537158203125,8.02300834655762,3,"180.299026489258",-41.125,2.46990036964417,"2"
"background",200,200,4.95,8,761,7.56896142578125,0,9,3,"211",-24,0.93732762336731,"5"
"background",201,201,4.72,7.69999980926514,931,1.11357495117188,0,9,4,"312",15.25,0.676893413066864,"3"
"background",202,202,5.51,7.40000009536743,755,2.423765625,5.07254833984375,9.98394393920898,3,"222.530700683594",-3.625,1.32693111896515,"7"
"background",203,203,4.57,8.10000038146973,722,1.8535185546875,1.95097155761719,9,3,"283.734710693359",-3,1.75140154361725,"6"
"background",204,204,4.94,8,902,1.11461474609375,2.4776826171875,9,4,"113.868049621582",-1.625,0.0794660449028015,"2"
"background",205,205,3.96,8.19999980926514,803,1.11248010253906,3.757462890625,8,4,"203.95947265625",0.125,0.0405733697116375,"1"
"background",206,206,5.02,7.30000019073486,651,5.4045537109375,40.15115625,9.97939682006836,3,"242",-8.125,0.560351848602295,"6"
"background",207,207,5.88,6.59999990463257,766,8.6733623046875,24.624205078125,10.957179069519,3,"231",15.375,2.95425653457642,"4"
"background",208,208,4.63,7.59999990463257,660,1.52233801269531,16.664458984375,9.96642398834229,3,"267.339172363281",-10.125,1.98269510269165,"7"
"background",209,209,10.26,6.30000019073486,1037,2.50767602539063,48.57225390625,12.493218421936,3.98679041862488,"313",-36.875,7.59544992446899,"4"
"background",210,210,3.37,8,633,3.01401318359375,21.4604140625,8.30560111999512,3,"211",-20,2.16185474395752,"7"
"background",211,211,5.65,7.09999990463257,780,0.608696472167969,8.6894248046875,10.038257598877,3.10935711860657,"312",-2.75,1.70521354675293,"4"
"background",212,212,5.06,8.19999980926514,895,4.6399365234375,1.11434106445313,9,4,"211",-4.75,0.373793482780457,"5"
"background",213,213,4.19,8.19999980926514,662,0,25.588638671875,9,3,"285.233001708984",-2.75,0.133345291018486,"7"
"background",214,214,3.27,8.89999961853027,680,4.08424487304687,4.29008447265625,7.13248205184937,3,"311",7.875,0.440889894962311,"1"
"background",215,215,6.46,6.69999980926514,980,4.66482177734375,10.835474609375,11.0843496322632,3.79080748558044,"236.481674194336",-16.875,2.96844339370728,"1"
"background",216,216,7.47,7.40000009536743,1019,1.55543518066406,20.724947265625,10,4,"231",-5.375,0.674669325351715,"3"
"background",217,217,3.19,8.30000019073486,637,7.32492236328125,1.10206762695313,8,3,"211",8,0.804934680461884,"5"
"background",218,218,3.73,8.5,757,2.61256787109375,9.61355859375,9,3,"211",-0.875,0.0702019408345222,"2"
"background",219,219,4.92,7.90000009536743,778,5.214525390625,9.3416943359375,9.00434017181396,3,"312",-16,0.534966349601746,"7"
"background",220,220,12.11,5.40000009536743,1043,1.85300842285156,51.53387109375,14,4.12093305587769,"312",-152.625,0.616983592510223,"6"
"background",221,221,2.28,9,606,5.84468310546875,3.70753637695312,7.04255247116089,3,"211",-4.25,0.460849940776825,"5"
"background",222,222,3.94,8.39999961853027,778,6.59815380859375,2.39831762695313,8.19996452331543,3,"311.791107177734",-7.375,5.30404567718506,"8"
"background",223,223,5.44,7.40000009536743,742,2.78033618164062,6.11229833984375,9.61003112792969,3,"226.214431762695",-27,1.89744186401367,"6"
"background",224,224,3.24,8.39999961853027,683,0.926749145507813,2.60881176757812,8,3,"211",0,0.0564153902232647,"4"
"background",225,225,9.19,5.30000019073486,1094,1.83371704101562,31.046826171875,12.259672164917,4,"313",-33.25,8.82181835174561,"6"
"background",226,226,3.98,8.39999961853027,730,3.57703833007813,8.234109375,8.20726299285889,3,"311.741973876953",17.25,2.38409447669983,"3"
"background",227,227,2.58,9,631,2.57253686523438,1.79966516113281,7,3,"211",-6.375,0.295295476913452,"2"
"background",228,228,5.26,7.5,755,4.63369873046875,0,9.9888277053833,4,"312",-4.125,0.650600373744965,"3"
"background",229,229,4.92,7.59999990463257,713,7.70148193359375,13.0966142578125,9.2467622756958,3,"312",40.125,1.91468346118927,"6"
"background",230,230,2.87,8.39999961853027,606,0,4.02669213867187,8,3,"231",-5.625,2.4234881401062,"4"
"background",231,231,3.81,8.30000019073486,762,1.84192736816406,6.486810546875,9,3.67854261398315,"242",-3.625,0.703786909580231,"8"
"background",232,232,4.75,7.30000019073486,697,1.85360986328125,4.9301123046875,9.1324634552002,3,"310.210632324219",-0.25,0.624313712120056,"5"
"background",233,233,5.66,7.80000019073486,948,8.2955576171875,12.607869140625,9,3,"231",15.25,1.25876700878143,"1"
"background",234,234,12.32,4.80000019073486,1077,4.49639892578125,53.82996484375,14,4,"321",-117.5,7.27629566192627,"3"
"background",235,235,5.49,8.19999980926514,902,1.85826196289062,0,9,4,"211",-0.25,0.675248503684998,"8"
"background",236,236,4.18,8.19999980926514,697,0,12.701701171875,8.92833995819092,3,"243",-11.875,1.18430578708649,"5"
"background",237,237,7.26,7.69999980926514,991,1.87418176269531,26.877673828125,10.9271106719971,3,"243",-10.75,2.64154124259949,"1"
"background",238,238,5.55,6.80000019073486,737,1.853888671875,23.21765625,10.3757257461548,2,"225.928039550781",-12.125,1.66702604293823,"4"
"background",239,239,10.36,5.40000009536743,1077,1.55846313476563,36.96093359375,11.1111135482788,4,"231",113.75,1.15752470493317,"8"
"background",240,240,4.88,7.90000009536743,753,5.57280517578125,1.85347546386719,9,3,"211",17.875,1.5685955286026,"5"
"background",241,241,5.83,7.40000009536743,796,6.1666708984375,0,9.98185443878174,4,"312",0.25,1.33076202869415,"4"
"background",242,242,14.18,4.40000009536743,1092,3.12345043945313,54.6797890625,14,4,"320.598449707031",21.25,1.92696714401245,"6"
"background",243,243,4.78,7.5,712,6.31287353515625,13.723111328125,9.81501197814941,3,"242",-0.75,0.537258863449097,"1"
"background",244,244,4.53,8.10000038146973,730,1.82975366210938,2.60957153320313,9,3,"250.634231567383",-8.875,1.38868916034698,"2"
"background",245,245,4.12,8.30000019073486,701,5.19497216796875,11.8644365234375,9,3,"308.337524414062",2.75,0.859156668186188,"2"
"background",246,246,3.09,8.80000019073486,903,0,1.11193249511719,9,3.04823875427246,"511",-37.5,0.591699779033661,"8"
"background",247,247,8.24,6.69999980926514,1111,4.47540673828125,41.70505859375,10.7117624282837,4,"231",-1,1.75383591651917,"2"
"background",248,248,4.05,8,745,1.85344311523438,0,8.11864852905273,4,"211",8.25,1.52832841873169,"1"
"background",249,249,5.08,8,947,1.54888623046875,8.1205166015625,9,3,"243",13.25,0.781251966953278,"7"
"background",250,250,6.46,8,976,3.63195043945312,26.011181640625,9.97215557098389,3,"386.196960449219",8,0.516170859336853,"5"
"background",251,251,2.89,8.30000019073486,611,0.926935607910156,7.37955712890625,8,3,"313",-11.25,0.952058494091034,"4"
"background",252,252,5.26,7.09999990463257,635,3.8961640625,54.12775390625,10,2.01173138618469,"212.022262573242",-14.875,0.695493519306183,"5"
"background",253,253,7.08,7.40000009536743,997,1.87268469238281,16.720947265625,10.0253486633301,4,"231",-14.625,0.624380528926849,"8"
"background",254,254,3.86,8,679,1.94822778320312,16.7270078125,8.79773330688477,3,"313",20.5,0.75368595123291,"2"
"background",255,255,5.27,7.5,760,3.70695629882812,0,9.88122081756592,4,"312",12.25,0.911521792411804,"4"
"background",256,256,4.57,8,718,2.42090234375,6.11685400390625,8.99333381652832,3,"312",-14.75,1.58601033687592,"1"
"background",257,257,3.12,8.60000038146973,828,1.95202429199219,3.90422412109375,9,4,"211",-1.625,0.22266586124897,"3"
"background",258,258,6.17,7.80000019073486,970,10.867595703125,9.4643076171875,10,3.04169726371765,"121",-3.25,0.626090824604034,"1"
"background",259,259,5.23,7.80000019073486,783,7.84351806640625,6.344447265625,9.20046234130859,3,"309.966125488281",-18.375,1.29720318317413,"4"
"background",260,260,3.2,8.39999961853027,730,0,1.85346203613281,8,4,"181.243423461914",-1.125,0.271909564733505,"2"
"background",261,261,4.22,8.19999980926514,902,0,0.926629211425781,9,4,"211.615341186523",-13.25,0.140053749084473,"3"
"background",262,262,8.84,6.19999980926514,1065,1.88016003417969,36.2701015625,11.1989965438843,4,"233.145141601562",-0.625,4.28482437133789,"4"
"background",263,263,4.65,7.90000009536743,729,4.08635083007812,11.534232421875,9,3,"215.324508666992",4.375,0.460347384214401,"4"
"background",264,264,3.56,7.90000009536743,664,1.79038024902344,3.5133798828125,8,3,"312",27.25,0.257940381765366,"7"
"background",265,265,4.91,7.80000019073486,710,6.5997080078125,12.3336220703125,10.0211906433105,3,"211",-16.375,0.30464780330658,"3"
"background",266,266,4.87,8.5,943,0,30.202783203125,9,3.64807152748108,"313",-4.875,0.141787186264992,"5"
"background",267,267,3.86,8.10000038146973,760,0.926712829589844,0,8,4,"211",6,0.637317359447479,"1"
"background",268,268,5.02,7.19999980926514,690,4.4184677734375,33.3717734375,9.27832317352295,3,"289.433563232422",31.875,2.9710009098053,"5"
"background",269,269,4.29,8.10000038146973,927,1.85325170898437,0,9,4,"231",-4.5,1.01018607616425,"2"
"background",270,270,4.74,7.80000019073486,954,2.7799404296875,1.11352014160156,9,4,"242",2.625,1.01095712184906,"8"
"background",271,271,5.67,8.5,957,1.5546376953125,28.99583984375,8.60785102844238,4,"144.426528930664",-2.625,0.756109416484833,"8"
"background",272,272,3.3,8.39999961853027,755,1.85345666503906,0,8.13012981414795,4,"112",2.625,0.237021520733833,"2"
"background",273,273,4.51,8.39999961853027,762,0.926658935546875,2.61829077148438,8.69938373565674,3,"265.617370605469",-1.625,0.361253648996353,"1"
"background",274,274,4.03,8.10000038146973,704,3.89937255859375,7.76356201171875,8,3,"313",27.125,1.55083119869232,"1"
"background",275,275,5.16,8.30000019073486,877,0.618817565917969,2.62337158203125,9,4,"211",-0.25,0.284992784261703,"2"
"background",276,276,10.18,6.40000009536743,1036,1.55989599609375,51.236984375,13.2551717758179,4,"313",1.125,9.74574375152588,"5"
"background",277,277,5.08,7.69999980926514,710,7.7892666015625,13.290263671875,9.93735408782959,3,"211",8,1.25948667526245,"8"
"background",278,278,2.2,9.69999980926514,679,0.601534301757813,3.89762182617187,6.34950876235962,3,"242",-47.5,4.59708213806152,"4"
"background",279,279,4.41,8.10000038146973,698,10.2665244140625,12.880689453125,9,3,"112",8.375,0.575271189212799,"2"
"background",280,280,4.5,8.10000038146973,710,3.55392456054688,5.76596533203125,9,3,"242",1.5,0.877553939819336,"4"
"background",281,281,4.2,8.19999980926514,711,0.607779174804687,6.48738525390625,9,3,"231",0.25,0.601080715656281,"7"
"background",282,282,6.51,7.69999980926514,1064,2.63646850585938,38.116875,11.7875242233276,3,"312",-12.875,3.34323453903198,"8"
"background",283,283,5.11,8,878,1.85328137207031,1.23582409667969,9,4,"211",9,0.582597672939301,"1"
"background",284,284,4.89,7.69999980926514,865,7.4274453125,1.85332995605469,9,4,"299.322479248047",4.25,0.811126112937927,"6"
"background",285,285,3.77,8.19999980926514,660,4.35666650390625,7.3866142578125,8.81144714355469,3,"211",-2.375,0.364650428295135,"8"
"background",286,286,4.15,8.30000019073486,704,0.606758728027344,13.234357421875,8.78448104858398,3,"312",0.75,1.94013679027557,"2"
"background",287,287,6.11,6.5,777,5.103904296875,18.650205078125,11,3,"231.813049316406",0,1.35455894470215,"2"
"background",288,288,4.34,7.90000009536743,690,0.926875366210937,22.505361328125,8.0387134552002,3,"251.747100830078",23,1.22863876819611,"7"
"background",289,289,5.77,6.69999980926514,713,1.94732458496094,31.613458984375,10.9402513504028,2,"302.734039306641",7,0.829498827457428,"7"
"background",290,290,6.8,8.19999980926514,963,0.627615051269531,53.7558984375,11.2201070785522,4,"229.84538269043",-52.625,5.79951906204224,"8"
"background",291,291,5.06,7.30000019073486,724,0.607167053222656,4.087984375,9.65332508087158,3,"313",73.125,3.57797598838806,"1"
"background",292,292,4.74,7.69999980926514,709,8.8333193359375,12.1020390625,9.27531147003174,3,"312.584320068359",-1.5,2.76049828529358,"1"
"background",293,293,5.27,7.69999980926514,777,4.80145458984375,2.84636083984375,9.06697177886963,4,"211",7.75,1.13487780094147,"1"
"background",294,294,4.24,8,687,3.03447412109375,14.8296953125,8.64682960510254,3,"313",25.125,5.01062107086182,"1"
"background",295,295,4.02,8.19999980926514,772,10.2133056640625,6.2137978515625,9,4,"211",-19.375,0.473799258470535,"6"
"background",296,296,5.51,7.80000019073486,1045,1.11581811523437,6.69408837890625,9,3.53899335861206,"242",16.875,0.909854531288147,"8"
"background",297,297,4.35,8.10000038146973,947,7.30097265625,6.07869580078125,9.11006832122803,4,"211",-13.75,0.682975172996521,"4"
"background",298,298,3.2,8.10000038146973,631,1.50968957519531,0.926930297851562,8,3,"313",29.5,2.59280443191528,"3"
"background",299,299,5.91,6.90000009536743,706,4.78719384765625,38.79895703125,10.292610168457,3,"211.329330444336",25.875,2.37468838691711,"4"
"background",300,300,4.84,7.69999980926514,701,9.7848544921875,23.407021484375,10,3,"270.730499267578",-10.625,0.9299436211586,"8"
"background",301,301,7.64,7,1014,2.49731225585937,16.689818359375,10,4,"266.016723632812",11.25,0.28647854924202,"6"
"background",302,302,6.16,7.09999990463257,1043,5.680841796875,14.8683701171875,10.4928026199341,4,"312",-12.5,1.60088491439819,"5"
"background",303,303,5.85,7.80000019073486,917,0.620825988769531,2.84825610351563,9.37745571136475,3.99135160446167,"112",-9,1.63798856735229,"2"
"background",304,304,3.49,8.19999980926514,646,1.10108068847656,3.0240302734375,7.7763147354126,2,"211",15.75,1.79559123516083,"7"
"background",305,305,6.01,7.80000019073486,1017,3.85624145507813,29.337158203125,9.99477672576904,3,"231",-1.5,1.98434090614319,"1"
"background",306,306,3.99,7.90000009536743,659,9.2877158203125,10.266638671875,9,3,"312",-2,0.446329772472382,"2"
"background",307,307,4.23,8,667,4.78701318359375,12.6314404296875,9.07393550872803,3,"211",-5.625,1.07758748531342,"7"
"background",308,308,4.5,8.10000038146973,720,5.6077333984375,2.60501025390625,9,3,"211",-12.375,1.55429410934448,"1"
"background",309,309,4.5,8.39999961853027,781,1.539427734375,0.614683776855469,8.71610355377197,3,"211",4.25,0.51455956697464,"7"
"background",310,310,3.98,8.39999961853027,673,4.9749853515625,3.89843872070312,9,3,"242",9.625,0.396987408399582,"4"
"background",311,311,4,7.90000009536743,792,6.659599609375,1.53299279785156,9.36948490142822,4,"231.035125732422",-9.375,1.53365254402161,"5"
