"species","x","y","height","temp","rain","distance_water","distance_loess","frostdays","sunhours","corine","tpi","slope","aspect"
"species",1,1,4.79,8,878,6.18305810546875,2.47366088867187,9,4,"219.848022460938",0.125,0.752772092819214,"7"
"species",2,2,5.07,7.90000009536743,893,0.926623840332031,1.85324365234375,9,4,"211",-2.625,0.905770480632782,"8"
"species",3,3,4.92,7.90000009536743,884,3.82590991210937,1.11423168945313,9,4,"211",5.25,0.803382694721222,"8"
"species",4,4,4.81,8,874,4.32890673828125,2.47366088867187,9,4,"211",5,0.508227229118347,"8"
"species",5,5,4.76,8,870,1.23683044433594,0,9,4,"211",-0.75,0.58279025554657,"2"
"species",6,6,5.04,7.90000009536743,897,3.093130859375,1.95398547363281,9,4,"211",1.5,0.899359583854675,"4"
"species",7,7,4.88,8,887,5.0361201171875,1.11423168945313,9,4,"211",-3.5,0.636859893798828,"8"
"species",8,8,5.01,7.90000009536743,892,4.429380859375,1.5460048828125,9,3.99422454833984,"211",3.375,0.874991655349731,"7"
"species",9,9,5.11,7.90000009536743,900,6.46261328125,0,9,4,"211",6.25,0.438612461090088,"5"
"species",10,10,4.99,8,884,4.4286923828125,0.926627868652344,9,4,"211",7.25,0.460434794425964,"8"
"species",11,11,5.49,7.69999980926514,920,3.8305888671875,3.343515625,9,3,"211",2.5,1.11594450473785,"8"
"species",12,12,5.67,7.59999990463257,936,3.7189345703125,4.43625732421875,9.08113765716553,3,"211",0.875,2.10821914672852,"7"
"species",13,13,4.22,8.19999980926514,825,0.616703002929687,1.95325341796875,9,4,"211",-4.875,1.02699446678162,"7"
"species",14,14,5.1,7.69999980926514,882,1.85328405761719,3.70656274414063,9,4,"242",4.875,0.587128639221191,"5"
"species",15,15,5.1,7.69999980926514,873,5.66468896484375,2.22654760742188,9,4,"242",4.625,0.304705083370209,"6"
"species",16,16,4.54,8.10000038146973,853,2.07257250976562,1.236025390625,9,4,"209.854263305664",-1,0.278159856796265,"1"
"species",17,17,4.22,8.19999980926514,824,0,3.0413388671875,9,4,"211",-9.875,1.75549721717834,"8"
"species",18,18,4.95,7.80000019073486,861,4.13840234375,1.85041149902344,9,4,"211",1.125,0.337165743112564,"2"
"species",19,19,5.07,7.69999980926514,895,2.779916015625,0,9,4,"312",10.875,0.836948037147522,"4"
"species",20,20,4.27,8.19999980926514,828,0.926650817871094,0,9,4,"211",0.25,0.166908666491508,"1"
"species",21,21,4.91,7.90000009536743,831,6.35442041015625,0,9,3.6836268901825,"211",-6.75,0.210139095783234,"3"
"species",22,22,3.62,8.39999961853027,740,1.11116577148438,5.5939140625,9,4,"124",-0.875,0.188098698854446,"1"
"species",23,23,3.59,8.39999961853027,737,1.83888977050781,3.70683251953125,9,4,"211",-0.25,0.086294949054718,"1"
"species",24,24,4.95,7.80000019073486,845,6.9396103515625,0.616198669433594,9.01611328125,4,"211",-3,0.865084588527679,"2"
"species",25,25,4.81,7.69999980926514,822,4.14701123046875,5.85870654296875,9,4,"287.337036132812",3.5,0.869039833545685,"1"
"species",26,26,5.18,8.19999980926514,874,3.60364038085938,0.618213989257812,9,4,"211",-2.875,1.05098879337311,"3"
"species",27,27,5.4,8.19999980926514,900,1.5468056640625,0.619320190429687,9,4,"211",-1.75,0.328824460506439,"2"
"species",28,28,5.53,7.69999980926514,811,2.78012231445312,0,9.16872978210449,3,"313",30.125,0.451402842998505,"5"
"species",29,29,4.71,8,737,4.63375244140625,2.84630737304688,9,3,"312",-10.875,0.918926298618317,"3"
"species",30,30,5,7.90000009536743,778,9.585466796875,2.22118139648438,9.09787464141846,3,"211",-8,1.75906252861023,"5"
"species",31,31,5.49,7.59999990463257,798,8.7682265625,6.38819287109375,9.22989273071289,3,"312",11.75,0.892371892929077,"3"
"species",32,32,4.83,8,766,1.11072766113281,0,9,3,"211",0,1.63939368724823,"4"
"species",33,33,5.42,7.80000019073486,798,5.5939111328125,0.61245654296875,9.27546310424805,3,"211",8.25,0.99814385175705,"2"
"species",34,34,5.48,7.69999980926514,791,9.340099609375,3.05619506835937,9.70407867431641,3,"211",13.375,1.4477550983429,"8"
"species",35,35,5.13,7.80000019073486,773,10.7177080078125,1.110125,9,3,"324",6.5,0.829643309116364,"4"
"species",36,36,4.49,8.30000019073486,743,0.926718200683594,1.11050854492188,8.44446563720703,3,"211",20.125,0.572895467281342,"6"
"species",37,37,4.26,8.19999980926514,728,1.53089782714844,3.046537109375,8.46784973144531,3.54219937324524,"231",-13.875,1.68198990821838,"7"
"species",38,38,4.75,7.90000009536743,745,3.06002172851563,1.85352392578125,9,3,"312",12.25,0.931750476360321,"6"
"species",39,39,5.95,7.69999980926514,893,3.09537231445313,1.11483349609375,9,3,"309.038726806641",24.875,0.672819137573242,"3"
"species",40,40,6.1,7.80000019073486,929,1.11548999023437,6.3519677734375,9.18696594238281,4,"231.29541015625",8.375,0.40249165892601,"4"
"species",41,41,6.24,7.69999980926514,937,1.86338049316406,1.86338049316406,9.25321388244629,4,"231",5.375,1.92588543891907,"2"
"species",42,42,3.62,8.30000019073486,684,4.6337392578125,0.9267451171875,8.07747554779053,3.96911692619324,"211",4.875,0.64963036775589,"1"
"species",43,43,5.11,8.10000038146973,915,2.47888818359375,1.23944409179687,9,4,"211",0.25,0.293348342180252,"1"
"species",44,44,5.24,8.10000038146973,921,4.719908203125,1.11488830566406,9,4,"211",-3.5,0.0462906211614609,"7"
"species",45,45,5.11,8.10000038146973,913,4.33805419921875,0.619722045898437,9,4,"231",-5.375,0.627070665359497,"1"
"species",46,46,5.4,7.90000009536743,941,4.16595556640625,1.11527124023437,9,4,"211",-1.25,0.132636651396751,"1"
"species",47,47,5.35,8.10000038146973,918,4.3394599609375,0,9,4,"312",10.5,0.232097044587135,"4"
"species",48,48,5.03,7.80000019073486,749,9.5421806640625,3.90194311523438,9.06309509277344,3,"312",-3.625,2.94616389274597,"2"
"species",49,49,5.05,7.80000019073486,749,7.30435693359375,4.13266943359375,9.15282154083252,3,"242.559127807617",17.125,3.85951280593872,"2"
"species",50,50,5.05,7.69999980926514,755,2.60258935546875,2.21767504882812,9.79187107086182,3,"245.988540649414",1.25,1.45472574234009,"4"
"species",51,51,2.73,8.89999961853027,636,2.57445483398438,0,6.97972774505615,3,"211",4.125,0.995450258255005,"4"
"species",52,52,2.18,9.19999980926514,613,1.10486364746094,1.51845251464844,7,3,"211",-2.25,1.23660886287689,"8"
"species",53,53,2.63,9.10000038146973,633,1.85370654296875,1.853701171875,7,3,"211",-14.625,0.715031325817108,"1"
"species",54,54,2.74,8.89999961853027,637,3.60858911132813,1.80429455566406,7,3,"311",14.25,1.02143216133118,"8"
"species",55,55,2.54,9.10000038146973,631,0.926853942871094,2.58726538085938,6.91155433654785,3,"243",-4.875,1.44714367389679,"1"
"species",56,56,2.69,9,635,1.10502819824219,2.21000146484375,6.87952470779419,3,"211",17.5,1.75205373764038,"1"
"species",57,57,2.73,8.69999980926514,626,4.12004541015625,5.3925048828125,8,3,"211",-2.125,0.524800837039948,"7"
"species",58,58,2.8,8.89999961853027,636,4.30064697265625,0,7,3,"211",1.375,0.993526101112366,"3"
"species",59,59,5.62,8,940,6.70498486328125,1.86187622070312,9,4,"202.229766845703",-9.5,0.562509775161743,"6"
"species",60,60,5.86,7.90000009536743,956,2.08091528320313,0.926595458984375,9,4,"211",-5.625,0.401013284921646,"8"
"species",61,61,5.66,8.19999980926514,945,1.95460070800781,11.3504716796875,9,4,"112",0.5,0.998219132423401,"5"
"species",62,62,5.61,8.10000038146973,931,2.6484794921875,1.95424914550781,9,4,"211",-6.25,0.926189184188843,"4"
"species",63,63,3.15,8.80000019073486,656,6.552453125,0.600094299316406,7,3,"211",12.25,0.315245062112808,"8"
"species",64,64,2.62,9.19999980926514,635,1.51861450195312,2.57828833007812,7,3,"211",-4.625,0.645842432975769,"2"
"species",65,65,2.96,8.80000019073486,647,6.5977021484375,0.926894165039063,7.99784231185913,3,"211",-9.25,1.48486793041229,"3"
"species",66,66,5.45,8,870,4.34016259765625,3.72576000976562,9,3.38428783416748,"240.290878295898",-2.75,0.954636454582214,"3"
"species",67,67,4.91,8.19999980926514,783,5.5599169921875,0,9,3,"211",2.625,0.779217541217804,"3"
"species",68,68,6.48,7.80000019073486,981,3.7339482421875,12.0455126953125,10,3,"231",-8.75,1.30097222328186,"7"
"species",69,69,7.09,7.40000009536743,999,7.38999365234375,7.644076171875,10,3,"312",11.875,0.768930315971375,"2"
"species",70,70,5.93,8.10000038146973,949,2.65298364257812,10.3576455078125,9,4,"231",-3.125,1.16793537139893,"3"
"species",71,71,5.55,8.30000019073486,932,0.621026550292969,9.281658203125,9,4,"242.912521362305",2.5,1.14497745037079,"3"
"species",72,72,5.72,8.19999980926514,949,1.55064526367188,12.50565234375,9.00903224945068,4,"242",-3,1.56968951225281,"3"
"species",73,73,6.01,8,938,3.23971704101562,1.86247802734375,9.82093238830566,4,"211",-2,0.72351485490799,"1"
"species",74,74,6.4,7.90000009536743,974,2.08306396484375,9.7306669921875,9.9831018447876,4,"231",-2.875,0.70025098323822,"8"
"species",75,75,6.82,7.5,997,4.7347294921875,2.63077026367188,10,4,"249.115203857422",3.375,2.23511338233948,"3"
"species",76,76,6.93,7.59999990463257,991,5.06766064453125,4.173740234375,10,4,"237.557220458984",-22,1.12789666652679,"2"
"species",77,77,3.19,8.69999980926514,649,2.58833081054687,6.0930966796875,8,3,"211",-20.5,2.52018809318542,"1"
"species",78,78,4.07,8.30000019073486,700,5.84862109375,0,8,3,"211",2.75,0.775065541267395,"8"
"species",79,79,3.95,8.39999961853027,694,5.8826953125,0,8,3,"313.097106933594",0.5,0.471388757228851,"7"
"species",80,80,4.63,8.39999961853027,782,2.0655556640625,1.11237060546875,8,3,"284.187286376953",13.625,1.44902193546295,"8"
"species",81,81,4.22,8.5,750,4.98641015625,0.926691284179687,8.33433055877686,3,"211",-10.5,0.779608905315399,"5"
"species",82,82,5.04,8,774,4.40109814453125,0,9,3,"312",14,0.653385400772095,"7"
"species",83,83,4.84,8.19999980926514,762,3.58942358398438,0,9,3,"312",-6.875,0.0709196478128433,"5"
"species",84,84,4.71,8.30000019073486,760,3.905453125,0,8.98998832702637,3,"312",3.25,0.6572305560112,"4"
"species",85,85,2.5,8.89999961853027,618,1.51310070800781,0,7,3,"211",7.75,1.37139022350311,"3"
"species",86,86,7.29,7.40000009536743,1004,0.623229187011719,6.749822265625,10.3698511123657,4,"231",-19.125,0.815143346786499,"2"
"species",87,87,6.6,7.69999980926514,972,0,1.11609167480469,10,4,"231",3,0.668469250202179,"8"
"species",88,88,7.2,7.30000019073486,980,5.60456201171875,3.6229609375,10,4,"258.340911865234",9.875,2.03598594665527,"8"
"species",89,89,3.85,8.30000019073486,952,5.56007861328125,3.21274340820313,9,3,"212.017486572266",2.5,2.16566824913025,"8"
"species",90,90,3.76,8.39999961853027,975,9.348068359375,0.615593078613281,9,4,"211",-10,1.79002928733826,"5"
"species",91,91,3.89,8.19999980926514,926,1.85336499023437,1.1120419921875,9,3,"301.569976806641",19.25,1.66238927841187,"2"
"species",92,92,3.49,8.60000038146973,971,7.7896591796875,0,9,4,"211",-7.5,0.132075801491737,"4"
"species",93,93,3.61,8.60000038146973,972,7.81219384765625,0,9,4,"211",1.125,0.627240896224976,"5"
"species",94,94,4.06,8.19999980926514,1007,2.61659594726562,0,9,4,"312.032318115234",10,2.17078685760498,"5"
"species",95,95,4.01,8.19999980926514,1007,8.3003447265625,1.11269909667969,9,4,"211",13.25,1.07741403579712,"6"
"species",96,96,4.99,8,863,4.989798828125,1.54360083007812,9,4,"211",-7.375,0.843978404998779,"5"
"species",97,97,4.78,7.90000009536743,847,1.542798828125,0.616703002929687,9,4,"211",3.125,1.0654308795929,"5"
"species",98,98,5.09,8,882,2.84777294921875,2.47245336914062,9,4,"312",6.25,0.608006477355957,"5"
"species",99,99,5.19,7.59999990463257,748,6.12455810546875,0,9,3,"312",14.5,0.867977678775787,"6"
"species",100,100,4.38,7.90000009536743,758,3.33168994140625,0.61215234375,8.40732669830322,4,"307.222137451172",10.375,1.12360990047455,"1"
"species",101,101,4.11,8,749,2.8467001953125,0,8.35567569732666,4,"211",-5.125,1.36048150062561,"8"
"species",102,102,3.33,8.39999961853027,720,0,1.95158557128906,8,3.99952960014343,"211",1.875,0.116899631917477,"2"
"species",103,103,3.33,8.39999961853027,719,0.610934326171875,2.22008569335937,8,4,"211",1,0.132394045591354,"2"
"species",104,104,3.32,8.39999961853027,715,2.21997607421875,2.60662573242187,8,3.29598426818848,"211",1.125,0.253117591142654,"1"
"species",105,105,3.33,8.39999961853027,718,0.610832763671875,1.53347607421875,8,3.75216960906982,"310.219482421875",3.625,0.0779378712177277,"8"
"species",106,106,3.29,8.39999961853027,716,0.926733032226562,2.60662573242187,8,3.31836891174316,"211",-0.875,0.12179709225893,"1"
"species",107,107,3.28,8.39999961853027,714,1.53331494140625,2.60641333007813,8,3.53355002403259,"242",-2.125,0.0770467296242714,"6"
"species",108,108,3.3,8.39999961853027,720,0,1.53363708496094,8,3.99833869934082,"211",-1.875,0.121795393526554,"1"
"species",109,109,4.25,7.90000009536743,741,2.78017065429687,0.611442077636719,8.16202926635742,4,"312",8.625,1.84881830215454,"3"
"species",110,110,3.95,8.10000038146973,728,3.75699169921875,0,8,4,"211",0.625,0.8785360455513,"1"
"species",111,111,4.12,8.10000038146973,729,3.037201171875,0,8,4,"312",17.375,0.817221403121948,"8"
"species",112,112,3.45,8.30000019073486,722,1.53379809570312,1.1100703125,8,4,"211",4,0.349168002605438,"1"
"species",113,113,4.06,8,713,2.6122294921875,0.926737060546875,8.48914241790771,4,"312",16.625,0.717831313610077,"4"
"species",114,114,3.34,8.39999961853027,707,5.5603857421875,1.95152709960937,8,3.99530863761902,"211",-0.375,0.454134464263916,"2"
"species",115,115,3.27,8.39999961853027,708,3.701400390625,2.84652172851562,8,3.28550696372986,"211",-1.25,0.166984185576439,"1"
"species",116,116,3.27,8.39999961853027,702,5.6568466796875,3.03673291015625,8,3.67679452896118,"211",-1.75,0.15740978717804,"2"
"species",117,117,3.72,8.30000019073486,707,6.74132470703125,0,8,4,"211",-2.375,0.809311270713806,"2"
"species",118,118,3.84,8.19999980926514,699,3.66316748046875,0,8.60804843902588,4,"211",-10.75,1.32842075824738,"5"
"species",119,119,3.73,8.19999980926514,710,6.9326171875,0.610934326171875,8,4,"211",-8.375,0.9779412150383,"2"
"species",120,120,3.61,8.30000019073486,717,3.33037524414063,0,8,4,"211",3.375,0.356081128120422,"2"
"species",121,121,3.31,8.39999961853027,686,5.5938251953125,1.10963195800781,8,3.5319561958313,"211",-1.375,0.101724117994308,"1"
"species",122,122,5.95,7.80000019073486,964,6.79582861328125,4.16478515625,9,4,"213.964630126953",-0.5,0.699470698833466,"1"
"species",123,123,5.96,7.80000019073486,966,5.9471611328125,3.10113061523437,9,4,"230.55632019043",-5.375,0.870468616485596,"1"
"species",124,124,6.4,7.69999980926514,981,6.22128662109375,3.34794677734375,9.96713161468506,3.60214519500732,"242",-1.875,0.567509412765503,"1"
"species",125,125,6.26,7.80000019073486,971,6.202900390625,2.08306396484375,9.45007038116455,4,"306.363677978516",-0.375,0.297121584415436,"2"
"species",126,126,5.47,7.90000009536743,944,5.1584951171875,2.84827416992188,9,4,"211",-0.25,0.24777626991272,"1"
"species",127,127,6.7,7.59999990463257,988,4.1680068359375,4.63291650390625,10,3.14676570892334,"231",-1.875,0.97278618812561,"1"
"species",128,128,6.87,7.5,991,10.3402998046875,8.928951171875,10,3,"312",3.375,0.683502316474915,"2"
"species",129,129,4.19,8.19999980926514,913,0.926677795410156,0.615088012695313,8.92388534545898,3.07127952575684,"211",11.5,2.04598760604858,"1"
"species",130,130,5.17,7.80000019073486,1076,9.450177734375,1.95351696777344,9,4,"211",-3.25,0.536243140697479,"8"
"species",131,131,4.49,7.90000009536743,966,1.95325341796875,1.11313696289062,8,4,"278.773010253906",6.375,0.897442102432251,"3"
"species",132,132,4.77,7.90000009536743,1003,6.08369287109375,4.6322451171875,9,4,"242",-0.875,0.423088848590851,"4"
"species",133,133,4.62,7.80000019073486,951,4.987998046875,5.92595458984375,8,4,"211",4,0.994152963161469,"8"
"species",134,134,4.69,7.80000019073486,922,0.616198669433594,0.616198669433594,8.74008560180664,4,"211",1,1.0464996099472,"2"
"species",135,135,4.68,7.80000019073486,937,3.08383276367188,1.54199670410156,8.24312400817871,4,"216.491516113281",-1.125,0.649075865745544,"1"
"species",136,136,5.29,8.10000038146973,923,4.8329765625,2.22983129882812,9,4,"240.94612121582",-0.25,0.283609092235565,"1"
"species",137,137,4.98,8.30000019073486,880,0,2.07418920898438,9,4,"211.898315429688",-2.125,0.117162644863129,"1"
"species",138,138,5.27,8.19999980926514,899,0,0.619018676757813,9,4,"211",-3.75,0.8028524518013,"2"
"species",139,139,5.42,8.19999980926514,920,2.84811303710937,2.22994067382812,9,4,"211",-4.25,1.22562575340271,"3"
"species",140,140,5.54,8,909,5.0384912109375,0,9,4,"211",1,0.882808804512024,"6"
"species",141,141,5.68,8.10000038146973,925,5.04559912109375,0.6199228515625,9,4,"412",-0.75,0.326195567846298,"6"
"species",142,142,5.93,8,939,2.62612109375,2.23005004882812,9,4,"221.593902587891",-11.75,0.659103155136108,"8"
"species",143,143,5.59,8.10000038146973,921,5.6963154296875,0.619822448730469,9,4,"242",-3.375,0.488429129123688,"3"
"species",144,144,5.93,7.90000009536743,942,1.54808630371094,0.620123657226562,9,4,"211",7.75,0.250874578952789,"5"
"species",145,145,5.3,8.19999980926514,917,0,2.07849584960938,9,4,"211",-24,2.03900074958801,"8"
"species",146,146,6.02,7.80000019073486,950,1.11505236816406,1.95424914550781,9,4,"313",14.625,0.230636343359947,"3"
"species",147,147,4.8,8.10000038146973,729,3.03226147460938,6.126666015625,8.83239936828613,4,"252.764190673828",17.75,3.3343517780304,"1"
"species",148,148,4.86,7.90000009536743,740,2.6017392578125,2.04739343261719,9,3,"242",14.5,0.968025326728821,"7"
"species",149,149,4.63,8.10000038146973,729,3.3275810546875,1.53138146972656,9,3,"242",-20,1.75645709037781,"1"
"species",150,150,4.71,8,729,2.60131420898438,4.1212958984375,9,3,"312",0,0.895967841148376,"5"
"species",151,151,4.69,8,729,0.926753173828125,4.13306005859375,9,3,"211",7,1.86532962322235,"2"
"species",152,152,4.39,7.90000009536743,760,4.29003369140625,0,9,4,"211",-11.75,0.466382920742035,"3"
"species",153,153,3.93,8.19999980926514,731,3.67291381835937,0.61215234375,8.97066307067871,4,"211",3.75,1.02633821964264,"7"
"species",154,154,4.42,7.90000009536743,761,3.6765634765625,0,9,4,"211",0.875,0.528376460075378,"3"
"species",155,155,4.12,8.10000038146973,741,0.926718200683594,1.11061804199219,8.7258186340332,4,"312",6.625,1.39475286006927,"1"
"species",156,156,4.06,8.10000038146973,727,4.1360556640625,0.611340515136719,8.40581607818604,4,"211",2.25,1.17712593078613,"1"
"species",157,157,3.99,8.10000038146973,730,2.60811206054687,0.611543579101563,8.00491237640381,4,"211",-8.625,1.03822112083435,"5"
"species",158,158,4,8.10000038146973,730,2.78016674804688,0,8.00167465209961,4,"211",-6,0.789848983287811,"5"
"species",159,159,4.27,8,730,2.2201953125,0,8.79329204559326,4,"312",10.375,2.48668718338013,"3"
"species",160,160,3.76,8.30000019073486,705,4.63364501953125,0.611442077636719,8.85211181640625,4,"231",-9.75,0.789941906929016,"7"
"species",161,161,4.25,8,739,1.11045373535156,1.11039892578125,8.22393035888672,4,"211",18.25,0.197471886873245,"5"
"species",162,162,3.87,8.19999980926514,715,5.855107421875,0,8.21659755706787,4,"211",0,0.638756692409515,"3"
"species",163,163,3.86,8.19999980926514,718,4.9835517578125,0,8.42438983917236,4,"211",-6.75,0.923183083534241,"2"
"species",164,164,4,8.10000038146973,739,0.926718200683594,1.5352470703125,8.79176044464111,4,"250.891677856445",-0.75,1.4945547580719,"8"
"species",165,165,3.77,8.30000019073486,717,5.66485205078125,0,8.75650978088379,4,"211",-13,0.547694146633148,"4"
"species",166,166,3.73,8.30000019073486,720,0.926719543457031,0,8.61227035522461,4,"211",-12.125,1.2345005273819,"6"
"species",167,167,3.84,8.19999980926514,719,3.03743530273437,1.22308715820313,8.081862449646,4,"211",-15.375,0.433221399784088,"6"
"species",168,168,4.6,7.90000009536743,777,4.1211044921875,0,9,4,"222",9.375,0.181286826729774,"8"
"species",169,169,4.1,8.19999980926514,755,0.613368408203125,0.926699340820312,9,4,"222",-5.125,1.55507624149323,"7"
"species",170,170,4.56,7.90000009536743,777,3.58381176757812,0.613368408203125,9,4,"312",5.25,0.258035987615585,"2"
"species",171,171,4.32,8,733,1.110125,0,8.89863014221191,4,"268.56884765625",24.875,1.47719085216522,"1"
"species",172,172,4.43,7.80000019073486,743,2.6072626953125,0,8.94918537139893,4,"211",17.875,1.17523217201233,"7"
"species",173,173,4.68,7.80000019073486,739,0.61042626953125,0.61042626953125,8.8607234954834,4,"311.727783203125",23.25,2.22774696350098,"1"
"species",174,174,4.6,8,717,3.052919921875,6.34341943359375,9,3,"312",10.875,0.234165295958519,"6"
"species",175,175,4.97,7.69999980926514,715,5.85010986328125,12.2026298828125,10,3,"185.795928955078",-14.5,1.63091242313385,"2"
"species",176,176,5.11,8.19999980926514,819,3.08149780273438,0,9,3,"239.584991455078",7.25,0.850749135017395,"3"
"species",177,177,5.01,8.10000038146973,816,6.6644404296875,0.615593078613281,9,3.60131931304932,"310.541259765625",9.375,0.184115648269653,"2"
"species",178,178,5.14,8.30000019073486,853,5.5700634765625,1.11417687988281,9,3.00216555595398,"243.298629760742",-15.625,0.635679006576538,"2"
"species",179,179,5.31,8.19999980926514,881,3.092169921875,0,9,4,"211",0,0.232735112309456,"1"
"species",180,180,5.26,8.10000038146973,843,8.2260107421875,0,9,4,"312",9.5,1.13402330875397,"4"
"species",181,181,4.6,7.90000009536743,818,2.77998876953125,0.615996887207031,9,4,"211",-5.5,0.804307520389557,"3"
"species",182,182,4.37,8.10000038146973,822,0.926650817871094,2.84759399414063,9,4,"211",-3.375,0.24757893383503,"4"
"species",183,183,4.5,7.80000019073486,773,1.22592651367188,0,9,4,"312",0.875,1.13659477233887,"7"
"species",184,184,4.51,7.90000009536743,775,1.95214123535156,2.2219482421875,9,4,"211",-0.5,1.16516542434692,"2"
"species",185,185,4.76,7.80000019073486,821,3.90580419921875,1.85334338378906,9,4,"312",12.5,0.939043521881104,"3"
"species",186,186,4.09,8.10000038146973,806,3.336947265625,0.926677795410156,8.1254301071167,4,"211",-2.375,1.50041794776917,"4"
"species",187,187,4.37,8,825,1.54151525878906,0,8.91834163665771,4,"211",-5.25,0.866445243358612,"1"
"species",188,188,4.62,7.90000009536743,844,4.14152587890625,1.54151525878906,8.82692909240723,4,"211",-7.625,1.29946649074554,"2"
"species",189,189,4.44,8,827,1.85333532714844,0,8.90462398529053,4,"211",-5,1.16050112247467,"2"
"species",190,190,4.38,8,797,6.2087978515625,1.84162377929688,8.65570163726807,4,"249.883666992188",-8.125,1.22526621818542,"2"
"species",191,191,4.81,7.69999980926514,787,5.55692431640625,0,9,4,"312",18.75,0.130068063735962,"6"
"species",192,192,4.82,7.69999980926514,868,8.905314453125,0,9,4,"211",3.875,0.903548777103424,"1"
"species",193,193,4.95,7.69999980926514,876,7.792341796875,0.926658935546875,9,4,"211",9.625,0.199181973934174,"1"
"species",194,194,4.53,7.90000009536743,785,0.926692626953125,0,9,4,"211",-8.5,0.987684845924377,"8"
"species",195,195,4.66,7.80000019073486,798,1.85338391113281,0,9,4,"211",-7.75,0.568454504013062,"1"
"species",196,196,3.82,8.19999980926514,794,3.070384765625,4.81388427734375,8.35918140411377,4,"129.903717041016",-9.25,1.66459739208221,"4"
"species",197,197,4.03,8.10000038146973,795,3.70674072265625,2.06285229492187,8.4286527633667,4,"211",-8.375,2.27325701713562,"5"
"species",198,198,4.74,7.69999980926514,849,0.614582641601563,0.614582641601563,8.86120986938477,4,"211",32.5,2.12136745452881,"8"
"species",199,199,4.3,7.90000009536743,836,1.53926708984375,0,8.26126670837402,4,"211",5.375,2.07989645004272,"3"
"species",200,200,3.98,8.10000038146973,798,3.03985522460937,1.1119873046875,8,4,"211",-2.25,0.695893347263336,"4"
"species",201,201,4.95,7.59999990463257,874,6.6651923828125,1.11237060546875,9,4,"211",7.25,0.592036545276642,"8"
"species",202,202,4.02,8.19999980926514,801,2.78000903320312,2.63077978515625,8.16392517089844,4,"211",-15.625,1.29162585735321,"5"
"species",203,203,4.83,7.59999990463257,856,3.33727587890625,3.75747412109375,9,4,"211",-1.625,0.921177983283997,"2"
"species",204,204,4.14,8,820,0.926681823730469,5.2551376953125,8.82686996459961,4,"211",-16,1.98716640472412,"8"
"species",205,205,4.88,7.69999980926514,858,5.653470703125,4.987998046875,9,4,"211",-7.25,0.482200682163239,"2"
"species",206,206,5.02,7.59999990463257,865,4.45112451171875,0.616299560546875,9,4,"312.598663330078",16,1.0072455406189,"1"
"species",207,207,4.59,7.90000009536743,840,3.7574853515625,0,9,4,"211",-18.875,0.833633124828339,"1"
"species",208,208,4.88,7.69999980926514,855,3.04063623046875,0.926664306640625,9,4,"312",20.5,0.712603390216827,"7"
"species",209,209,4.72,7.80000019073486,845,4.633328125,0.926662963867187,9,4,"211",-13.25,1.18110930919647,"8"
"species",210,210,5.01,7.69999980926514,857,5.23488671875,1.11286328125,9,4,"260.330902099609",19.25,0.622210025787354,"1"
"species",211,211,4.86,7.80000019073486,855,6.675373046875,0,9,4,"268.444000244141",2.375,0.344951719045639,"4"
"species",212,212,4.46,8.19999980926514,1024,0,2.07822680664062,9,3,"211",4.25,1.70162916183472,"1"
"species",213,213,5.13,7.80000019073486,1033,0.926607604980469,1.95430773925781,9,3.01053857803345,"217.497329711914",28.125,1.34346628189087,"1"
"species",214,214,4.33,8.30000019073486,1008,0.926613037109375,0.926614379882812,9,3.27028441429138,"211",3.125,1.21630144119263,"4"
"species",215,215,5.1,8.10000038146973,801,3.21998583984375,0.926654846191406,9,3,"211",2.375,0.537240445613861,"2"
"species",216,216,5.87,7.80000019073486,872,2.22884643554687,0,9,3,"312",10.375,0.689473748207092,"8"
"species",217,217,5.68,7.80000019073486,880,3.343515625,0.619420654296875,9,3,"313",2.625,2.41783404350281,"7"
"species",218,218,5.52,8.10000038146973,862,4.14608544921875,1.11461474609375,9,3,"313",-14,0.573253691196442,"7"
"species",219,219,5.2,8.10000038146973,812,3.22239721679688,0.61720703125,9,3,"312",15.375,2.00608468055725,"3"
"species",220,220,5.53,7.90000009536743,849,3.70626391601562,0,9,3,"312",8.75,0.439257740974426,"8"
"species",221,221,5.4,8,845,2.47164819335937,1.11379382324219,9,3,"312.508026123047",0.75,0.930127680301666,"7"
"species",222,222,5.18,8,812,3.08502709960938,0.617005432128906,9,3,"312",1.375,0.243482172489166,"2"
"species",223,223,4.8,8.30000019073486,784,0.616803833007812,0.616803833007812,9,3,"296.706146240234",12.625,0.812895119190216,"2"
"species",224,224,4.44,8.10000038146973,762,5.560345703125,0.611848022460938,9,3,"211",-10,1.31056869029999,"2"
"species",225,225,4.77,7.90000009536743,763,2.2201953125,0,9.04605484008789,3.81066560745239,"312.729187011719",12.875,1.05802381038666,"6"
"species",226,226,4.79,7.80000019073486,763,4.60042822265625,1.22207177734375,9.88342761993408,4,"211",-11.375,0.235380157828331,"7"
"species",227,227,4.86,7.80000019073486,766,5.21325146484375,1.22227490234375,9.97471618652344,4,"211",-6.125,0.944962859153748,"7"
"species",228,228,4.71,7.90000009536743,764,5.6930966796875,3.05670263671875,9.18443012237549,4,"312",3.375,0.591241002082825,"6"
"species",229,229,4.87,7.80000019073486,769,7.1706552734375,2.05499755859375,9.47168254852295,4,"312",8.75,0.351737231016159,"6"
"species",230,230,4.28,8.10000038146973,743,9.1127744140625,1.22288415527344,9,4,"211",4,1.10533463954926,"4"
"species",231,231,4.09,8.10000038146973,731,6.97656787109375,0.926726257324219,9,4,"211",-3.375,0.926528751850128,"6"
"species",232,232,3.92,8.19999980926514,726,6.346109375,0,9,4,"211",-15.5,0.476711869239807,"5"
"species",233,233,3.94,8.19999980926514,729,3.70405224609375,1.83523962402344,9,4,"211",8.75,0.405933260917664,"5"
"species",234,234,3.87,8.30000019073486,725,4.44192431640625,0.926723571777344,9,4,"211",-4.125,0.0985093638300896,"2"
"species",235,235,4.49,8,753,9.3763525390625,0,9,4,"312",-2.625,1.31897103786469,"5"
"species",236,236,5.07,7.59999990463257,766,7.01219140625,0,9.48570728302002,4,"312",7.5,1.20919990539551,"4"
"species",237,237,3.58,8.39999961853027,831,0,0,8.667893409729,4,"211",-1.25,1.81767749786377,"1"
"species",238,238,3.86,8.19999980926514,839,1.53846362304687,0,8.94612407684326,4,"234.570343017578",-10.875,1.31361293792725,"8"
"species",239,239,3.92,8.10000038146973,872,2.78007373046875,0,9,4,"211",-11.25,0.247932344675064,"5"
"species",240,240,4.17,8,869,2.61278002929688,0.613975769042969,8.9981689453125,4,"211",0.625,0.689694464206696,"3"
"species",241,241,3.5,8.39999961853027,867,0.92668994140625,0,9,3.87945652008057,"211",-9.125,0.696933448314667,"5"
"species",242,242,3.48,8.39999961853027,868,0.92668994140625,0,9,3.52291059494019,"211",-8.625,0.865312039852142,"5"
"species",243,243,3.49,8.39999961853027,868,0.92668994140625,0,9,3.714022397995,"211",-8.875,0.758310675621033,"5"
"species",244,244,4.01,8,855,1.53862426757812,0.614178100585937,8.79471492767334,4,"312",-4.375,2.40357804298401,"8"
"species",245,245,4.09,8.10000038146973,847,2.78006567382812,0.614380432128906,9,4,"211",-8.375,0.732204914093018,"3"
"species",246,246,4.41,7.69999980926514,871,1.85337573242187,1.22876086425781,9,4,"242",8.25,2.06753969192505,"8"
"species",247,247,4.16,8,872,1.53894567871094,0,9,4,"211",-5.5,1.03977358341217,"3"
"species",248,248,3.63,8.19999980926514,800,0.926692626953125,2.7800859375,8.02063751220703,4,"189.314758300781",-13.875,1.30035769939423,"5"
"species",249,249,3.73,8.19999980926514,833,0.614076965332031,0,8.32551574707031,4,"211",-1.625,1.7274979352951,"1"
"species",250,250,3.8,8.19999980926514,856,0.926697998046875,0,8.86458969116211,4,"211",8.5,1.95319354534149,"1"
"species",251,251,4.02,8.10000038146973,872,1.95246313476562,0.613975769042969,9,4,"312",-5.5,1.11424541473389,"6"
"species",252,252,4.33,7.90000009536743,825,2.7800859375,4.1211044921875,8.7218542098999,4,"293.991912841797",6.625,1.99976575374603,"4"
"species",253,253,4.4,7.90000009536743,848,3.7067353515625,0,9,4,"211",-12.75,2.18234086036682,"3"
"species",254,254,4.48,7.90000009536743,908,3.90562866210937,3.90539453125,8.5906810760498,4,"312",2.5,0.782516539096832,"2"
"species",255,255,3.96,8.10000038146973,823,0,0.614380432128906,8.62604141235352,4,"211",8.5,1.66665554046631,"1"
"species",256,256,3.26,8.39999961853027,794,2.22107177734375,0,9,4,"211",0.625,0.0664539411664009,"1"
"species",257,257,3.16,8.5,795,0.611848022460938,0.926719543457031,9,4,"211",0.375,0.27735835313797,"1"
"species",258,258,3.14,8.5,795,1.85344311523438,1.85343774414062,9,4,"231",-0.125,0.197470843791962,"1"
"species",259,259,3.19,8.5,801,2.22096215820312,0.926718200683594,9,4,"211",1.5,0.210936024785042,"2"
"species",260,260,3.32,8.5,854,5.8222783203125,0,9,3.01447129249573,"211",2.125,0.0647446736693382,"4"
"species",261,261,3.83,8.19999980926514,863,1.53765991210938,0,9,4,"211",6.5,1.49216055870056,"1"
"species",262,262,3.97,8.10000038146973,777,5.63380078125,0,8.3603687286377,4,"211",-19.5,0.661425292491913,"1"
"species",263,263,3.78,8.19999980926514,759,2.84673583984375,0,8.51603889465332,4,"112",-8.5,1.07167088985443,"8"
"species",264,264,4.01,8,775,3.7061728515625,0,8.01647663116455,4,"211",-6.625,0.966134905815125,"3"
"species",265,265,3.21,8.39999961853027,714,1.53267065429688,2.84641455078125,8,3,"211",0.375,0.0406013578176498,"1"
"species",266,266,3.34,8.39999961853027,734,0,1.11023461914062,8,4,"112",-3.125,0.116871327161789,"2"
"species",267,267,3.35,8.30000019073486,734,0.611239013671875,0.92672900390625,8,4,"211",-0.875,0.30680251121521,"3"
"species",268,268,4.21,7.90000009536743,789,5.5533642578125,0.926712829589844,8.96174716949463,4,"321.858459472656",2.75,1.35373973846436,"3"
"species",269,269,3.93,8,779,5.2406865234375,0.612355163574219,8.91727161407471,4,"299.959777832031",-13.25,1.87346708774567,"8"
"species",270,270,3.69,8.10000038146973,769,4.60429248046875,0,8.91016864776611,4,"211",4.625,1.13621258735657,"1"
"species",271,271,3.77,8.10000038146973,763,1.53476416015625,0,8.99889278411865,4,"211",2.375,0.546276569366455,"8"
"species",272,272,3.38,8.30000019073486,761,4.67379296875,0,8.89302158355713,4,"211",-1.125,0.23784826695919,"1"
"species",273,273,4.05,8.10000038146973,748,2.78016674804688,0,8.04035568237305,4,"211",6.125,1.13712632656097,"1"
"species",274,274,3.57,8.19999980926514,793,4.1372275390625,0,9,4,"143.029693603516",-0.875,0.745495736598969,"1"
"species",275,275,3.79,8.10000038146973,803,2.78013452148438,0,9,4,"211",-7.25,1.43526184558868,"1"
"species",276,276,3.88,8,813,0,0,9,4,"211",5.75,1.11360764503479,"4"
"species",277,277,3.92,8.10000038146973,806,1.11100146484375,0,9,4,"211",-1.125,0.84310519695282,"3"
"species",278,278,4.83,8.10000038146973,936,3.90902563476563,13.3293720703125,9,3,"242",-6.25,0.381021320819855,"5"
"species",279,279,4.93,8.19999980926514,943,1.85316796875,23.753521484375,9,3,"238.478927612305",2.125,0.61139577627182,"8"
"species",280,280,5.42,7.90000009536743,1089,3.84809423828125,13.49808984375,9,4,"242.819259643555",0.125,0.867321789264679,"4"
"species",281,281,5.53,8,1057,3.25026513671875,18.135626953125,8.99950885772705,4,"231",-9.5,1.25274896621704,"6"
"species",282,282,5.46,7.80000019073486,937,4.83329443359375,9.401759765625,9.09393405914307,3,"231",-19,1.47184431552887,"3"
"species",283,283,5.25,8,929,4.6330244140625,12.18872265625,9,3,"231",-3.25,1.46203434467316,"4"
"species",284,284,5.82,7.80000019073486,954,12.0455654296875,13.3386220703125,9.02257537841797,4,"211",-11,0.334463894367218,"8"
"species",285,285,5.13,8,914,8.0342900390625,1.24004650878906,9,4,"211",-4.125,0.206894531846046,"2"
"species",286,286,5.24,7.90000009536743,909,3.90802954101563,0,9,4,"313",3.875,0.387201726436615,"4"
"species",287,287,5.17,7.90000009536743,914,5.5596982421875,2.64735229492188,9,4,"213.068801879883",0.875,0.250885665416718,"1"
"species",288,288,5.06,7.90000009536743,905,2.77985522460938,4.95697265625,9,4,"160.081695556641",1.125,0.249793872237206,"1"
"species",289,289,4.98,8,896,1.11455993652344,2.4776826171875,9,4,"211",-4.75,0.510742843151093,"7"
"species",290,290,5.4,7.90000009536743,943,8.260064453125,13.5513017578125,9,3.11424970626831,"231",-10.75,0.389559239149094,"4"
"species",291,291,4.08,8.10000038146973,939,0.926627868652344,4.99085791015625,9,4,"143.914733886719",1,0.156481608748436,"2"
"species",292,292,4.09,8.10000038146973,932,0.926629211425781,5.55979541015625,9,4,"211",-0.125,0.156481608748436,"2"
"species",293,293,4.49,8,930,1.95386840820313,0,9,4,"211",12.375,0.921736717224121,"2"
"species",294,294,5.64,7.5,965,3.34417236328125,2.8480234375,9.98851013183594,4,"241.759353637695",-2.875,1.1110657453537,"8"
"species",295,295,5.79,7.5,951,6.88017724609375,6.23064453125,9.69316864013672,3,"211.034759521484",9.875,1.28590786457062,"6"
"species",296,296,6.02,7.5,949,1.54792626953125,5.5596904296875,9.7764892578125,3,"242",0.625,0.776547908782959,"2"
"species",297,297,4.02,8.19999980926514,942,0.926630554199219,3.70653051757813,9,4,"211",-1.125,0.210592374205589,"2"
